110,97,109,101,61,49,48,51,44,49,48,49,44,49,49,54,44,57,53,44,49,49,49,44,57,56,44,49,48,54,44,49,48,49,44,57,57,44,49,49,54
117,116,102,61,56,53,44,56,52,44,55,48,44,52,53,44,53,54
97,98,105,108,105,116,105,101,115,61,91,53,55,44,52,56,44,53,51,44,53,52,44,53,54,93,44,91,52,57,44,53,51,44,52,56,44,52,56,44,53,48,44,52,56,93,44,91,52,57,44,53,53,44,53,52,44,53,50,44,53,50,93,44,91,52,57,44,53,54,44,53,50,44,53,51,44,52,57,44,53,53,93,44,91,53,48,44,52,57,44,53,50,44,53,54,44,53,51,44,53,48,93,44,91,53,50,44,53,51,44,53,54,44,53,52,44,53,52,93,44,91,53,54,44,52,57,44,53,54,44,53,53,44,52,56,93,44,91,53,48,44,53,49,44,53,52,44,53,54,44,53,48,44,53,52,93
97,100,114,101,110,97,108,105,110,101,95,98,111,111,115,116,95,105,100,61,57,55,44,49,48,48,44,49,49,52,44,49,48,49,44,49,49,48,44,57,55,44,49,48,56,44,49,48,53,44,49,49,48,44,49,48,49,44,57,53,44,57,56,44,49,49,49,44,49,49,49,44,49,49,53,44,49,49,54
97,103,103,114,101,115,115,105,118,101,95,109,111,100,101,95,105,100,61,57,55,44,49,48,51,44,49,48,51,44,49,49,52,44,49,48,49,44,49,49,53,44,49,49,53,44,49,48,53,44,49,49,56,44,49,48,49,44,57,53,44,49,48,57,44,49,49,49,44,49,48,48,44,49,48,49
97,110,116,105,100,111,116,101,95,105,100,61,57,55,44,49,49,48,44,49,49,54,44,49,48,53,44,49,48,48,44,49,49,49,44,49,49,54,44,49,48,49
97,114,114,111,119,95,116,97,110,107,95,115,107,105,110,95,105,100,61,57,55,44,49,49,52,44,49,49,52,44,49,49,49,44,49,49,57,44,57,53,44,49,49,54,44,57,55,44,49,49,48,44,49,48,55,44,57,53,44,49,49,53,44,49,48,55,44,49,48,53,44,49,49,48
101,120,112,108,111,115,105,118,101,95,97,114,114,111,119,95,105,100,61,49,48,49,44,49,50,48,44,49,49,50,44,49,48,56,44,49,49,49,44,49,49,53,44,49,48,53,44,49,49,56,44,49,48,49,44,57,53,44,57,55,44,49,49,52,44,49,49,52,44,49,49,49,44,49,49,57
102,101,97,116,104,101,114,95,119,101,105,103,104,116,95,105,100,61,49,48,50,44,49,48,49,44,57,55,44,49,49,54,44,49,48,52,44,49,48,49,44,49,49,52,44,57,53,44,49,49,57,44,49,48,49,44,49,48,53,44,49,48,51,44,49,48,52,44,49,49,54
102,105,114,101,95,114,101,115,105,115,116,97,110,99,101,95,105,100,61,49,48,50,44,49,48,53,44,49,49,52,44,49,48,49,44,57,53,44,49,49,52,44,49,48,49,44,49,49,53,44,49,48,53,44,49,49,53,44,49,49,54,44,57,55,44,49,49,48,44,57,57,44,49,48,49
108,101,103,101,110,100,97,114,121,95,112,114,111,116,101,99,116,105,111,110,95,105,100,61,49,48,56,44,49,48,49,44,49,48,51,44,49,48,49,44,49,49,48,44,49,48,48,44,57,55,44,49,49,52,44,49,50,49,44,57,53,44,49,49,50,44,49,49,52,44,49,49,49,44,49,49,54,44,49,48,49,44,57,57,44,49,49,54,44,49,48,53,44,49,49,49,44,49,49,48
109,105,110,105,110,103,95,108,117,99,107,95,105,100,61,49,48,57,44,49,48,53,44,49,49,48,44,49,48,53,44,49,49,48,44,49,48,51,44,57,53,44,49,48,56,44,49,49,55,44,57,57,44,49,48,55
112,105,114,97,116,101,95,105,100,61,49,49,50,44,49,48,53,44,49,49,52,44,57,55,44,49,49,54,44,49,48,49
115,119,111,114,100,95,112,117,115,104,95,105,100,61,49,49,53,44,49,49,57,44,49,49,49,44,49,49,52,44,49,48,48,44,57,53,44,49,49,50,44,49,49,55,44,49,49,53,44,49,48,52
116,114,105,112,108,101,95,97,114,114,111,119,95,115,104,111,116,95,105,100,61,49,49,54,44,49,49,52,44,49,48,53,44,49,49,50,44,49,48,56,44,49,48,49,44,57,53,44,57,55,44,49,49,52,44,49,49,52,44,49,49,49,44,49,49,57,44,57,53,44,49,49,53,44,49,48,52,44,49,49,49,44,49,49,54
118,97,109,112,105,114,101,95,109,111,100,101,95,105,100,61,49,49,56,44,57,55,44,49,48,57,44,49,49,50,44,49,48,53,44,49,49,52,44,49,48,49,44,57,53,44,49,48,57,44,49,49,49,44,49,48,48,44,49,48,49
119,111,111,100,99,104,111,112,112,105,110,103,95,108,117,99,107,95,105,100,61,49,49,57,44,49,49,49,44,49,49,49,44,49,48,48,44,57,57,44,49,48,52,44,49,49,49,44,49,49,50,44,49,49,50,44,49,48,53,44,49,49,48,44,49,48,51,44,57,53,44,49,48,56,44,49,49,55,44,57,57,44,49,48,55
112,97,99,107,97,103,101,61,49,49,49,44,49,49,52,44,49,48,51,44,52,54,44,57,56,44,49,49,55,44,49,48,55,44,49,48,55,44,49,48,53,44,49,49,54,44,52,54,44,54,54,44,49,49,55,44,49,48,55,44,49,48,55,44,49,48,53,44,49,49,54
109,101,116,104,111,100,61,49,49,53,44,49,48,52,44,49,49,55,44,49,49,54,44,49,48,48,44,49,49,49,44,49,49,57,44,49,49,48
